   0.00000000000000e+00   0.00000000000000e+00
   0.00000000000000e+00   0.00000000000000e+00
   0.00000000000000e+00   0.00000000000000e+00
   0.00000000000000e+00   0.00000000000000e+00
   0.00000000000000e+00   0.00000000000000e+00
   0.00000000000000e+00   0.00000000000000e+00
   2.83798589034773e-01   3.10217235996590e-01
  -1.96687273921072e-01   4.02165950439583e-01
  -2.34030458476441e-02  -1.89852430680667e-01
   8.33820394550312e-02   2.29831748260129e-01
   4.08112885195335e-01   3.98838287967993e-01
   4.68685581739026e-03   1.83983931915441e-01
